2157.1039096
712.610792271
2142.10952363
700.901696127
627.773861797
2061.85091681
2142.14609273
0.0
719.046415381
2141.32677835
0.0
0.0
1427.24555542
719.371992948
625.443547522
1424.64349697
714.036946833
714.022495299
714.042720857
654.766759717
1438.72705553
1367.26792249
716.61768666
716.381119926
1428.08861577
0.0
0.0
0.0
2157.49216144
1385.23849606
2136.3975236
0.0
3368.03981861
712.038412128
1883.29535504
711.840160415
2149.22381243
0.0
0.0
1438.11721105
713.761894106
1850.82229109
0.0
0.0
638.472323898
1434.23012128
1212.6468687
713.417171005
2145.62982383
1101.21411098
0.0
2149.21473699
0.0
716.707757705
3448.92059789
1437.61532191
0.0
2137.01504764
0.0
2699.12609738
0.0
0.0
711.691426659
714.032827411
0.0
717.596925997
1428.05660571
714.021347305
3335.11260063
0.0
2646.80869637
716.2374474
0.0
1435.18205229
1438.89438895
1374.54106315
1428.08436119
1435.17632302
0.0
714.032692349
716.403518731
1428.44075363
0.0
1428.06396655
0.0
2818.34033859
1418.96751339
3083.73415051
0.0
0.0
1437.48872402
714.077569581
714.03438063
1428.06004976
714.032523521
2142.096355
2142.09807705
714.033266363
714.027560022
1951.42575811
714.17082015
1428.06849113
1428.06761323
2149.18659341
1428.08037676
714.030700187
1438.89610293
1437.50651481
1233.78534423
650.191065688
0.0
717.483072535
2157.17273475
713.760038414
0.0
1788.95024399
1426.7405069
716.386965913
0.0
1375.2827815
716.655372243
0.0
2142.10060946
1950.52565843
1233.94712
0.0
0.0
0.0
714.036642939
0.0
1374.58830043
714.046570258
714.027458727
0.0
1435.17952867
0.0
1396.72820725
713.533109447
711.691158303
0.0
1425.02722271
2865.58729094
714.037926047
2856.13752252
0.0
2142.09078371
1388.39312298
650.473515342
713.340090607
716.403382771
0.0
0.0
2142.08956816
0.0
1428.07666248
0.0
0.0
687.886303803
2142.09757056
714.030295003
2856.13022915
0.0
719.053434936
713.767663682
717.591469481
2142.09503815
714.030733952
714.036507876
0.0
714.027154842
714.043159821
1416.41359386
2142.02241113
1388.27753443
1401.80449845
0.0
1428.61962481
0.0
714.038331239
714.027053547
2698.83627556
0.0
2876.17182807
0.0
719.051003757
1438.74624788
3264.15447101
1428.57569687
0.0
1423.37554066
2688.31905398
0.0
714.034819584
716.402227108
0.0
1427.55118557
1428.05998223
3715.13698366
2140.94351279
714.029991115
